5
5
5
2
2
3
4
4
5
5
6
7
8
9
10
11
13
14
15
18
18
20
22
24
26
27
29
31
33
35
37
40
42
45
48
50
53
56
59
61
65
68
71
77
80
82
85
90
93
97
101
105
110
115
120
123
129
132
137
141
148
155
158
162
169
173
179
189
190
196
203
208
219
222
227
234
245
250
255
261
273
276
284
292
302
308
315
327
330
339
351
355
364
378
381
394
401
408
0.00000000000000000000
0.00000000000000000000
0.00000000000000006855
0.00000000000000029957
0.00000000000000466315
0.00000000000000567760
0.00000000000000284174
0.00000000000014071665
0.00000000000000679365
0.00000000000381058256
0.00000000000004308762
0.00000000000000882675
0.00000000000002976639
0.00000000000001427876
0.00000000000000915767
0.00000000000000981698
0.00000000000009529087
0.00000000000006507582
0.00000000000087570289
0.00000000000000837580
0.00000000000034586622
0.00000000000011692654
0.00000000000102843609
0.00000000000400980556
0.00000000000015715821
0.00000000000088682117
0.00000000000052458903
0.00000000000078044687
0.00000000000152509096
0.00000000000120237143
0.00000000000051695591
0.00000000000026673657
0.00000000000031469797
0.00000000000326989122
0.00000000000084505846
0.00000000000019701115
0.00000000000016120049
0.00000000000038836110
0.00000000000044782590
0.00000000000014887112
0.00000000000287880981
0.00000000000012078857
0.00000000000217261516
0.00000000000295173237
0.00000000005174732123
0.00000000001228346597
0.00000000000018490025
0.00000000000064168432
0.00000000000102584471
0.00000000000067534417
0.00000000000064843240
0.00000000000105725677
0.00000000000656784200
0.00000000000026233228
0.00000000000773930465
0.00000000000265687652
0.00000000001933941668
0.00000000000095148577
0.00000000001897367702
0.00000000001012671089
0.00000000000364066870
0.00000000000029202370
0.00000000000156469480
0.00000000003494338126
0.00000000000297476009
0.00000000000045231182
0.00000000000121645762
0.00000000000208889370
0.00000000001382633538
0.00000000000098390449
0.00000000000023836350
0.00000000000219477838
0.00000000000153985574
0.00000000000034320820
0.00000000000238951090
0.00000000000155404470
0.00000000001960871545
0.00000000000330635815
0.00000000000176451919
0.00000000001088444478
0.00000000000522792259
0.00000000000042505410
0.00000001244216480064
0.00000000015457942213
0.00000000001667865819
0.00000000002191099919
0.00000000000076739359
0.00000000000063388122
0.00000000000542911199
0.00000000001848605589
0.00000000001887656187
0.00000000007441437962
0.00000000000901502234
0.00000000000082759118
0.00000000000406411311
0.00000000003359257583
0.00000000001246714983
0.00000000000628937228
0.00000000000832531897
0.00000000000815923731
